 0.16187E-05
 0.17035E-05
 0.18020E-05
 0.18924E-05
 0.19673E-05
 0.20453E-05
 0.21329E-05
 0.22065E-05
 0.22512E-05
 0.22857E-05
 0.23234E-05
 0.23429E-05
 0.23267E-05
 0.22973E-05
 0.22787E-05
 0.22568E-05
 0.22159E-05
 0.21787E-05
 0.21737E-05
 0.21900E-05
 0.21987E-05
 0.21987E-05
 0.22161E-05
 0.22516E-05
 0.22559E-05
 0.22189E-05
 0.22175E-05
 0.22482E-05
 0.22123E-05
 0.21933E-05
 0.22619E-05
 0.22076E-05
 0.21576E-05
 0.23855E-05
 0.22571E-05
 0.18722E-05
 0.26074E-05
 0.27236E-05
 0.10886E-05
 0.30185E-05
 0.45187E-05
 0.21603E-05
 0.50746E-05
 0.97046E-05
 0.10051E-04
 0.14574E-04
 0.25245E-04
 0.33660E-04
 0.46919E-04
 0.72926E-04
 0.10448E-03
 0.14860E-03
 0.22013E-03
 0.32088E-03
 0.46243E-03
 0.67561E-03
 0.98553E-03
 0.14294E-02
 0.20808E-02
 0.30312E-02
 0.44070E-02
 0.64106E-02
 0.93319E-02
 0.13575E-01
 0.19748E-01
 0.28735E-01
 0.41801E-01
 0.60796E-01
 0.88397E-01
 0.12843E+00
 0.18626E+00
 0.26918E+00
 0.38617E+00
 0.54566E+00
 0.74823E+00
 0.97042E+00
 0.11480E+01
 0.11966E+01
 0.10880E+01
 0.88231E+00
 0.66273E+00
 0.47639E+00
 0.33467E+00
 0.23245E+00
 0.16057E+00
 0.11063E+00
 0.76137E-01
 0.52385E-01
 0.36050E-01
 0.24826E-01
 0.17114E-01
 0.11811E-01
 0.81518E-02
 0.56091E-02
 0.38167E-02
 0.25224E-02
 0.15556E-02
 0.80837E-03
 0.30405E-03
 0.55537E-03
 0.10796E-02
 0.16518E-02
 0.22929E-02
 0.30457E-02
 0.39628E-02
 0.51088E-02
 0.65617E-02
 0.84184E-02
 0.10799E-01
 0.13856E-01
 0.17781E-01
 0.22823E-01
 0.29298E-01
 0.37609E-01
 0.48272E-01
 0.61945E-01
 0.79462E-01
 0.10187E+00
 0.13046E+00
 0.16679E+00
 0.21264E+00
 0.26989E+00
 0.34008E+00
 0.42363E+00
 0.51844E+00
 0.61791E+00
 0.70945E+00
 0.77564E+00
 0.80000E+00
 0.77563E+00
 0.70945E+00
 0.61791E+00
 0.51844E+00
 0.42363E+00
 0.34008E+00
 0.26989E+00
 0.21264E+00
 0.16679E+00
 0.13046E+00
 0.10187E+00
 0.79462E-01
 0.61946E-01
 0.48272E-01
 0.37607E-01
 0.29295E-01
 0.22818E-01
 0.17772E-01
 0.13842E-01
 0.10780E-01
 0.83958E-02
 0.65386E-02
 0.50925E-02
 0.39659E-02
 0.30887E-02
 0.24056E-02
 0.18734E-02
 0.14590E-02
 0.11363E-02
 0.88487E-03
 0.68922E-03
 0.53674E-03
 0.41799E-03
 0.32557E-03
 0.25353E-03
 0.19744E-03
 0.15380E-03
 0.11974E-03
 0.93287E-04
 0.72632E-04
 0.56575E-04
 0.44057E-04
 0.34314E-04
 0.26719E-04
 0.20818E-04
 0.16201E-04
 0.12631E-04
 0.98232E-05
 0.76630E-05
 0.59563E-05
 0.46496E-05
 0.36110E-05
 0.28221E-05
 0.21879E-05
 0.17139E-05
 0.13247E-05
 0.10420E-05
 0.80119E-06
 0.63414E-06
 0.48377E-06
 0.38681E-06
 0.29137E-06
 0.23659E-06
 0.17469E-06
 0.14559E-06
 0.10384E-06
 0.90565E-07
 0.60468E-07
 0.57718E-07
 0.33746E-07
 0.37916E-07
 0.17898E-07
 0.24801E-07
 0.10607E-07
 0.14100E-07
 0.84159E-08
 0.71559E-08
 0.86292E-08
 0.14054E-07
 0.14719E-07
 0.24119E-07
 0.24192E-07
 0.31312E-07
 0.33068E-07
 0.37535E-07
 0.45135E-07
 0.54672E-07
 0.70768E-07
 0.89514E-07
 0.11076E-06
 0.13358E-06
 0.15603E-06
 0.17973E-06
 0.20552E-06
 0.23580E-06
 0.27263E-06
 0.31525E-06
 0.36146E-06
 0.40787E-06
 0.45191E-06
 0.49363E-06
 0.53524E-06
 0.57963E-06
 0.62740E-06
 0.67517E-06
 0.71756E-06
 0.75131E-06
 0.77834E-06
 0.80465E-06
 0.83468E-06
 0.86629E-06
 0.89273E-06
 0.91078E-06
 0.92623E-06
 0.94909E-06
 0.98176E-06
 0.10157E-05
 0.10433E-05
 0.10702E-05
 0.11096E-05
 0.11630E-05
 0.12175E-05
 0.12657E-05
 0.13191E-05
 0.13908E-05
 0.14727E-05
 0.15478E-05
 0.20263E-13
 
 0.22096E-05
 0.21929E-05
 0.22035E-05
 0.22151E-05
 0.22025E-05
 0.22038E-05
 0.22118E-05
 0.22145E-05
 0.22104E-05
 0.21993E-05
 0.22040E-05
 0.22186E-05
 0.22166E-05
 0.22074E-05
 0.22090E-05
 0.22153E-05
 0.22136E-05
 0.22069E-05
 0.22116E-05
 0.22246E-05
 0.22215E-05
 0.22042E-05
 0.22029E-05
 0.22231E-05
 0.22331E-05
 0.22166E-05
 0.22010E-05
 0.22119E-05
 0.22309E-05
 0.22286E-05
 0.22135E-05
 0.22106E-05
 0.22196E-05
 0.22270E-05
 0.22268E-05
 0.22199E-05
 0.22162E-05
 0.22218E-05
 0.22207E-05
 0.22267E-05
 0.22470E-05
 0.22086E-05
 0.21712E-05
 0.22846E-05
 0.22985E-05
 0.20746E-05
 0.22459E-05
 0.24842E-05
 0.19633E-05
 0.21345E-05
 0.30162E-05
 0.19363E-05
 0.17640E-05
 0.47521E-05
 0.41524E-05
 0.37121E-05
 0.98712E-05
 0.12841E-04
 0.15061E-04
 0.26098E-04
 0.38272E-04
 0.51139E-04
 0.77118E-04
 0.11418E-03
 0.16144E-03
 0.23533E-03
 0.34593E-03
 0.49907E-03
 0.72492E-03
 0.10592E-02
 0.15392E-02
 0.22377E-02
 0.32617E-02
 0.47480E-02
 0.69073E-02
 0.10058E-01
 0.14639E-01
 0.21300E-01
 0.30992E-01
 0.45089E-01
 0.65569E-01
 0.95312E-01
 0.13842E+00
 0.20062E+00
 0.28958E+00
 0.41444E+00
 0.58292E+00
 0.79236E+00
 0.10121E+01
 0.11701E+01
 0.11867E+01
 0.10519E+01
 0.83764E+00
 0.62235E+00
 0.44474E+00
 0.31146E+00
 0.21587E+00
 0.14874E+00
 0.10202E+00
 0.69597E-01
 0.47113E-01
 0.31542E-01
 0.20865E-01
 0.13828E-01
 0.98043E-02
 0.84455E-02
 0.89939E-02
 0.10524E-01
 0.12634E-01
 0.15353E-01
 0.18904E-01
 0.23593E-01
 0.29774E-01
 0.37868E-01
 0.48386E-01
 0.61972E-01
 0.79442E-01
 0.10183E+00
 0.13042E+00
 0.16675E+00
 0.21261E+00
 0.26987E+00
 0.34006E+00
 0.42363E+00
 0.51844E+00
 0.61791E+00
 0.70946E+00
 0.77564E+00
 0.80000E+00
 0.77564E+00
 0.70946E+00
 0.61791E+00
 0.51844E+00
 0.42363E+00
 0.34008E+00
 0.26989E+00
 0.21264E+00
 0.16679E+00
 0.13046E+00
 0.10187E+00
 0.79462E-01
 0.61946E-01
 0.48272E-01
 0.37607E-01
 0.29295E-01
 0.22818E-01
 0.17772E-01
 0.13842E-01
 0.10780E-01
 0.83957E-02
 0.65391E-02
 0.50921E-02
 0.39656E-02
 0.30892E-02
 0.24055E-02
 0.18732E-02
 0.14594E-02
 0.11361E-02
 0.88445E-03
 0.68973E-03
 0.53693E-03
 0.41752E-03
 0.32578E-03
 0.25371E-03
 0.19690E-03
 0.15406E-03
 0.12036E-03
 0.92671E-04
 0.72256E-04
 0.57279E-04
 0.44062E-04
 0.33755E-04
 0.27119E-04
 0.21092E-04
 0.15516E-04
 0.12767E-04
 0.10668E-04
 0.72206E-05
 0.51420E-05
 0.54654E-05
 0.43468E-05
 0.18313E-05
 0.19934E-05
 0.28568E-05
 0.18302E-05
 0.41140E-06
 0.15625E-05
 0.19421E-05
 0.11966E-05
 0.12659E-05
 0.16145E-05
 0.18056E-05
 0.14100E-05
 0.17635E-05
 0.17483E-05
 0.20060E-05
 0.17230E-05
 0.21280E-05
 0.19363E-05
 0.22727E-05
 0.19945E-05
 0.23850E-05
 0.21304E-05
 0.24417E-05
 0.21992E-05
 0.24613E-05
 0.22764E-05
 0.23976E-05
 0.23144E-05
 0.22996E-05
 0.23322E-05
 0.21489E-05
 0.23145E-05
 0.20399E-05
 0.22692E-05
 0.19877E-05
 0.21981E-05
 0.20635E-05
 0.21301E-05
 0.21852E-05
 0.20863E-05
 0.23081E-05
 0.21095E-05
 0.23241E-05
 0.21719E-05
 0.22534E-05
 0.22521E-05
 0.21277E-05
 0.22644E-05
 0.20861E-05
 0.22247E-05
 0.21499E-05
 0.21452E-05
 0.22509E-05
 0.21414E-05
 0.22660E-05
 0.21858E-05
 0.21975E-05
 0.22451E-05
 0.21425E-05
 0.22167E-05
 0.21717E-05
 0.21807E-05
 0.22306E-05
 0.21683E-05
 0.22224E-05
 0.22147E-05
 0.21894E-05
 0.22150E-05
 0.21786E-05
 0.22010E-05
 0.22143E-05
 0.21871E-05
 0.22096E-05
 0.22106E-05
 0.22061E-05
 0.20263E-13
 
 0.21088E-05
 0.22719E-05
 0.21289E-05
 0.22732E-05
 0.21480E-05
 0.22322E-05
 0.21655E-05
 0.22263E-05
 0.22133E-05
 0.21838E-05
 0.22242E-05
 0.21521E-05
 0.22787E-05
 0.21264E-05
 0.22949E-05
 0.20910E-05
 0.23201E-05
 0.20867E-05
 0.23285E-05
 0.20902E-05
 0.23048E-05
 0.21126E-05
 0.22783E-05
 0.21832E-05
 0.22320E-05
 0.22178E-05
 0.21547E-05
 0.22929E-05
 0.21343E-05
 0.23012E-05
 0.20843E-05
 0.23253E-05
 0.21759E-05
 0.22894E-05
 0.21696E-05
 0.21933E-05
 0.22828E-05
 0.21539E-05
 0.22603E-05
 0.21039E-05
 0.23586E-05
 0.22370E-05
 0.22665E-05
 0.22208E-05
 0.22259E-05
 0.23189E-05
 0.20760E-05
 0.21944E-05
 0.21756E-05
 0.23303E-05
 0.22517E-05
 0.22233E-05
 0.24437E-05
 0.23530E-05
 0.22848E-05
 0.21019E-05
 0.22903E-05
 0.23242E-05
 0.18112E-05
 0.20457E-05
 0.27845E-05
 0.25259E-05
 0.13585E-05
 0.34286E-05
 0.40226E-05
 0.85757E-06
 0.40078E-05
 0.60678E-05
 0.36047E-05
 0.65517E-05
 0.11380E-04
 0.12749E-04
 0.20608E-04
 0.35451E-04
 0.51285E-04
 0.77910E-04
 0.12338E-03
 0.18274E-03
 0.26801E-03
 0.39947E-03
 0.58132E-03
 0.83713E-03
 0.12099E-02
 0.17386E-02
 0.24878E-02
 0.35699E-02
 0.51300E-02
 0.73828E-02
 0.10664E-01
 0.15456E-01
 0.22461E-01
 0.32718E-01
 0.47746E-01
 0.69725E-01
 0.10181E+00
 0.14847E+00
 0.21591E+00
 0.31223E+00
 0.44666E+00
 0.62559E+00
 0.84172E+00
 0.10552E+01
 0.11867E+01
 0.11660E+01
 0.10055E+01
 0.78594E+00
 0.57859E+00
 0.41342E+00
 0.29294E+00
 0.20946E+00
 0.15373E+00
 0.11764E+00
 0.94870E-01
 0.81186E-01
 0.74658E-01
 0.75329E-01
 0.84094E-01
 0.10154E+00
 0.12789E+00
 0.16362E+00
 0.20970E+00
 0.26752E+00
 0.33836E+00
 0.42251E+00
 0.51781E+00
 0.61768E+00
 0.70951E+00
 0.77587E+00
 0.80030E+00
 0.77591E+00
 0.70964E+00
 0.61801E+00
 0.51847E+00
 0.42362E+00
 0.34004E+00
 0.26985E+00
 0.21261E+00
 0.16676E+00
 0.13044E+00
 0.10186E+00
 0.79458E-01
 0.61946E-01
 0.48271E-01
 0.37606E-01
 0.29297E-01
 0.22821E-01
 0.17772E-01
 0.13840E-01
 0.10782E-01
 0.83978E-02
 0.65375E-02
 0.50908E-02
 0.39675E-02
 0.30901E-02
 0.24038E-02
 0.18722E-02
 0.14608E-02
 0.11370E-02
 0.88296E-03
 0.68865E-03
 0.53886E-03
 0.41834E-03
 0.32342E-03
 0.25350E-03
 0.19962E-03
 0.15352E-03
 0.11755E-03
 0.93754E-04
 0.74828E-04
 0.55987E-04
 0.42084E-04
 0.35240E-04
 0.28525E-04
 0.19674E-04
 0.14599E-04
 0.14182E-04
 0.11503E-04
 0.61821E-05
 0.49384E-05
 0.64962E-05
 0.50844E-05
 0.14061E-05
 0.23851E-05
 0.38851E-05
 0.27931E-05
 0.12026E-05
 0.21135E-05
 0.27406E-05
 0.23081E-05
 0.17010E-05
 0.23134E-05
 0.23439E-05
 0.21802E-05
 0.20667E-05
 0.21519E-05
 0.23252E-05
 0.20297E-05
 0.22123E-05
 0.21125E-05
 0.22213E-05
 0.21771E-05
 0.21233E-05
 0.22793E-05
 0.20734E-05
 0.22753E-05
 0.20716E-05
 0.22476E-05
 0.21271E-05
 0.21722E-05
 0.22234E-05
 0.21151E-05
 0.22778E-05
 0.20599E-05
 0.23010E-05
 0.20636E-05
 0.22694E-05
 0.20995E-05
 0.22319E-05
 0.21762E-05
 0.21659E-05
 0.22299E-05
 0.21093E-05
 0.22833E-05
 0.20639E-05
 0.23010E-05
 0.20544E-05
 0.23191E-05
 0.20623E-05
 0.22945E-05
 0.20848E-05
 0.22761E-05
 0.21180E-05
 0.22351E-05
 0.21558E-05
 0.22135E-05
 0.21951E-05
 0.21706E-05
 0.22181E-05
 0.21501E-05
 0.22493E-05
 0.21249E-05
 0.22651E-05
 0.21156E-05
 0.22832E-05
 0.20948E-05
 0.22833E-05
 0.20967E-05
 0.23036E-05
 0.20909E-05
 0.22918E-05
 0.20877E-05
 0.23012E-05
 0.20962E-05
 0.22934E-05
 0.21018E-05
 0.22913E-05
 0.20263E-13
 
 0.20730E-05
 0.23041E-05
 0.23628E-05
 0.24420E-05
 0.25324E-05
 0.24654E-05
 0.26733E-05
 0.24902E-05
 0.26291E-05
 0.23450E-05
 0.25009E-05
 0.22692E-05
 0.22916E-05
 0.20648E-05
 0.20212E-05
 0.20004E-05
 0.18515E-05
 0.19067E-05
 0.17052E-05
 0.19539E-05
 0.17792E-05
 0.20292E-05
 0.18951E-05
 0.21576E-05
 0.21225E-05
 0.23043E-05
 0.23325E-05
 0.24289E-05
 0.25359E-05
 0.25549E-05
 0.27024E-05
 0.26297E-05
 0.28196E-05
 0.27034E-05
 0.29064E-05
 0.27157E-05
 0.29362E-05
 0.27416E-05
 0.29548E-05
 0.26948E-05
 0.29153E-05
 0.26932E-05
 0.28918E-05
 0.25932E-05
 0.28056E-05
 0.25922E-05
 0.27660E-05
 0.24413E-05
 0.26595E-05
 0.24741E-05
 0.26157E-05
 0.22696E-05
 0.25329E-05
 0.23732E-05
 0.24600E-05
 0.21204E-05
 0.24984E-05
 0.23138E-05
 0.22801E-05
 0.20846E-05
 0.26633E-05
 0.22705E-05
 0.19955E-05
 0.24166E-05
 0.31901E-05
 0.20993E-05
 0.16131E-05
 0.36624E-05
 0.43844E-05
 0.18547E-05
 0.27128E-05
 0.67850E-05
 0.73507E-05
 0.46808E-05
 0.82998E-05
 0.14644E-04
 0.16399E-04
 0.16974E-04
 0.25813E-04
 0.38004E-04
 0.46028E-04
 0.57125E-04
 0.79747E-04
 0.10656E-03
 0.13158E-03
 0.16570E-03
 0.21267E-03
 0.26051E-03
 0.30503E-03
 0.35447E-03
 0.40117E-03
 0.43032E-03
 0.45313E-03
 0.53185E-03
 0.78272E-03
 0.13211E-02
 0.22439E-02
 0.36959E-02
 0.58607E-02
 0.89655E-02
 0.13311E-01
 0.19285E-01
 0.27312E-01
 0.37898E-01
 0.51663E-01
 0.69349E-01
 0.91913E-01
 0.12088E+00
 0.15892E+00
 0.21081E+00
 0.28505E+00
 0.39486E+00
 0.55653E+00
 0.78012E+00
 0.10447E+01
 0.12636E+01
 0.13072E+01
 0.11349E+01
 0.84599E+00
 0.55443E+00
 0.31023E+00
 0.13299E+00
 0.13950E+00
 0.27587E+00
 0.42202E+00
 0.56413E+00
 0.69088E+00
 0.78420E+00
 0.82522E+00
 0.80585E+00
 0.73547E+00
 0.63546E+00
 0.52757E+00
 0.42654E+00
 0.33930E+00
 0.26744E+00
 0.20981E+00
 0.16426E+00
 0.12851E+00
 0.10051E+00
 0.78618E-01
 0.61485E-01
 0.48066E-01
 0.37554E-01
 0.29325E-01
 0.22884E-01
 0.17842E-01
 0.13900E-01
 0.10826E-01
 0.84300E-02
 0.65586E-02
 0.51014E-02
 0.39714E-02
 0.30921E-02
 0.24042E-02
 0.18700E-02
 0.14584E-02
 0.11368E-02
 0.88270E-03
 0.68671E-03
 0.53765E-03
 0.41925E-03
 0.32384E-03
 0.25213E-03
 0.19921E-03
 0.15494E-03
 0.11793E-03
 0.92460E-04
 0.74733E-04
 0.57271E-04
 0.41995E-04
 0.33990E-04
 0.28827E-04
 0.20972E-04
 0.14046E-04
 0.12967E-04
 0.12008E-04
 0.75430E-05
 0.39646E-05
 0.57456E-05
 0.56537E-05
 0.26159E-05
 0.10772E-05
 0.33822E-05
 0.33559E-05
 0.16717E-05
 0.16250E-05
 0.27047E-05
 0.24876E-05
 0.18406E-05
 0.20206E-05
 0.23277E-05
 0.22996E-05
 0.20149E-05
 0.20794E-05
 0.22821E-05
 0.21495E-05
 0.21370E-05
 0.21525E-05
 0.21536E-05
 0.22380E-05
 0.21144E-05
 0.21496E-05
 0.21792E-05
 0.21166E-05
 0.22188E-05
 0.21194E-05
 0.21670E-05
 0.22297E-05
 0.21413E-05
 0.22246E-05
 0.21132E-05
 0.21647E-05
 0.21976E-05
 0.20793E-05
 0.21950E-05
 0.21274E-05
 0.22195E-05
 0.22362E-05
 0.21476E-05
 0.22855E-05
 0.21554E-05
 0.22066E-05
 0.21237E-05
 0.20705E-05
 0.21988E-05
 0.20641E-05
 0.22065E-05
 0.21678E-05
 0.22521E-05
 0.23364E-05
 0.22109E-05
 0.23465E-05
 0.21771E-05
 0.22488E-05
 0.21092E-05
 0.20448E-05
 0.21339E-05
 0.19993E-05
 0.21776E-05
 0.20747E-05
 0.22785E-05
 0.23272E-05
 0.23356E-05
 0.24438E-05
 0.23123E-05
 0.24860E-05
 0.22470E-05
 0.23147E-05
 0.21199E-05
 0.21059E-05
 0.20601E-05
 0.19105E-05
 0.20689E-05
 0.19301E-05
 0.21752E-05
 0.20263E-13
 
 0.23541E-05
 0.24715E-05
 0.23966E-05
 0.25477E-05
 0.25280E-05
 0.26460E-05
 0.27094E-05
 0.26730E-05
 0.28729E-05
 0.28451E-05
 0.29982E-05
 0.29876E-05
 0.30415E-05
 0.32343E-05
 0.31711E-05
 0.33238E-05
 0.32684E-05
 0.34295E-05
 0.35113E-05
 0.34396E-05
 0.35844E-05
 0.35336E-05
 0.37472E-05
 0.36560E-05
 0.36950E-05
 0.38079E-05
 0.38264E-05
 0.39914E-05
 0.38540E-05
 0.41117E-05
 0.41628E-05
 0.43413E-05
 0.44167E-05
 0.45457E-05
 0.49204E-05
 0.50064E-05
 0.53680E-05
 0.55020E-05
 0.60277E-05
 0.63181E-05
 0.66938E-05
 0.71559E-05
 0.76123E-05
 0.82978E-05
 0.86763E-05
 0.94824E-05
 0.10078E-04
 0.11018E-04
 0.11785E-04
 0.12764E-04
 0.13888E-04
 0.15012E-04
 0.16473E-04
 0.17709E-04
 0.19428E-04
 0.21031E-04
 0.23120E-04
 0.24933E-04
 0.26944E-04
 0.29400E-04
 0.31994E-04
 0.34410E-04
 0.36355E-04
 0.39610E-04
 0.43030E-04
 0.45449E-04
 0.46705E-04
 0.50174E-04
 0.55368E-04
 0.57224E-04
 0.55654E-04
 0.57954E-04
 0.67007E-04
 0.70097E-04
 0.61234E-04
 0.56239E-04
 0.73767E-04
 0.87681E-04
 0.72456E-04
 0.35373E-04
 0.65000E-04
 0.11508E-03
 0.12250E-03
 0.74586E-04
 0.64179E-04
 0.16586E-03
 0.24376E-03
 0.26565E-03
 0.27617E-03
 0.36961E-03
 0.53278E-03
 0.69588E-03
 0.85375E-03
 0.10649E-02
 0.13812E-02
 0.17999E-02
 0.23162E-02
 0.29636E-02
 0.38031E-02
 0.48963E-02
 0.63134E-02
 0.81417E-02
 0.10494E-01
 0.13511E-01
 0.17384E-01
 0.22341E-01
 0.28654E-01
 0.36650E-01
 0.46746E-01
 0.59452E-01
 0.75400E-01
 0.95398E-01
 0.12053E+00
 0.15225E+00
 0.19257E+00
 0.24414E+00
 0.31035E+00
 0.39476E+00
 0.49963E+00
 0.62265E+00
 0.75183E+00
 0.86133E+00
 0.91613E+00
 0.89031E+00
 0.78539E+00
 0.62719E+00
 0.44730E+00
 0.28284E+00
 0.25029E+00
 0.44590E+00
 0.75690E+00
 0.10977E+01
 0.13309E+01
 0.13091E+01
 0.10576E+01
 0.73968E+00
 0.46984E+00
 0.27633E+00
 0.14934E+00
 0.72610E-01
 0.35692E-01
 0.30988E-01
 0.34930E-01
 0.35862E-01
 0.33607E-01
 0.29559E-01
 0.24829E-01
 0.20135E-01
 0.15877E-01
 0.12235E-01
 0.92402E-02
 0.68612E-02
 0.50282E-02
 0.36517E-02
 0.26346E-02
 0.19018E-02
 0.13876E-02
 0.10300E-02
 0.77686E-03
 0.59896E-03
 0.47338E-03
 0.37933E-03
 0.30174E-03
 0.24047E-03
 0.19420E-03
 0.15643E-03
 0.12124E-03
 0.94219E-04
 0.76378E-04
 0.60646E-04
 0.43966E-04
 0.33891E-04
 0.29096E-04
 0.22413E-04
 0.14343E-04
 0.11985E-04
 0.11584E-04
 0.85007E-05
 0.40726E-05
 0.45175E-05
 0.53845E-05
 0.39542E-05
 0.41882E-06
 0.25351E-05
 0.34356E-05
 0.25967E-05
 0.16246E-05
 0.24986E-05
 0.28994E-05
 0.23873E-05
 0.23094E-05
 0.25431E-05
 0.26333E-05
 0.22709E-05
 0.23229E-05
 0.24122E-05
 0.21366E-05
 0.21478E-05
 0.20258E-05
 0.20505E-05
 0.18982E-05
 0.18324E-05
 0.18464E-05
 0.18670E-05
 0.18112E-05
 0.17730E-05
 0.19778E-05
 0.18904E-05
 0.20155E-05
 0.20442E-05
 0.21209E-05
 0.23076E-05
 0.22243E-05
 0.23549E-05
 0.24500E-05
 0.25061E-05
 0.25732E-05
 0.25696E-05
 0.26443E-05
 0.27248E-05
 0.27227E-05
 0.27106E-05
 0.27831E-05
 0.27745E-05
 0.27987E-05
 0.27738E-05
 0.27339E-05
 0.28343E-05
 0.27396E-05
 0.27240E-05
 0.27210E-05
 0.26664E-05
 0.27430E-05
 0.25955E-05
 0.25833E-05
 0.26117E-05
 0.25257E-05
 0.25689E-05
 0.24207E-05
 0.24399E-05
 0.24694E-05
 0.23523E-05
 0.23944E-05
 0.22800E-05
 0.23267E-05
 0.23299E-05
 0.22180E-05
 0.22975E-05
 0.22112E-05
 0.22794E-05
 0.22561E-05
 0.22043E-05
 0.23214E-05
 0.22431E-05
 0.23424E-05
 0.23157E-05
 0.20263E-13
 
 0.34883E-04
 0.36616E-04
 0.38368E-04
 0.40176E-04
 0.41697E-04
 0.43516E-04
 0.44997E-04
 0.46583E-04
 0.47952E-04
 0.49293E-04
 0.50449E-04
 0.51673E-04
 0.52532E-04
 0.53446E-04
 0.54163E-04
 0.54691E-04
 0.55313E-04
 0.55610E-04
 0.55880E-04
 0.56023E-04
 0.56109E-04
 0.56034E-04
 0.56033E-04
 0.55584E-04
 0.55306E-04
 0.54735E-04
 0.54021E-04
 0.53140E-04
 0.51994E-04
 0.50470E-04
 0.48896E-04
 0.46901E-04
 0.44635E-04
 0.42201E-04
 0.39368E-04
 0.36588E-04
 0.33777E-04
 0.30928E-04
 0.28287E-04
 0.26010E-04
 0.23895E-04
 0.22471E-04
 0.21304E-04
 0.20261E-04
 0.19331E-04
 0.18343E-04
 0.16953E-04
 0.15594E-04
 0.13792E-04
 0.11680E-04
 0.94936E-05
 0.72556E-05
 0.51688E-05
 0.40255E-05
 0.38980E-05
 0.44899E-05
 0.53012E-05
 0.59164E-05
 0.59221E-05
 0.60277E-05
 0.61669E-05
 0.61478E-05
 0.58157E-05
 0.50523E-05
 0.55042E-05
 0.74328E-05
 0.86415E-05
 0.85073E-05
 0.92397E-05
 0.14003E-04
 0.18653E-04
 0.17937E-04
 0.13699E-04
 0.19816E-04
 0.31401E-04
 0.32945E-04
 0.17650E-04
 0.17125E-04
 0.46571E-04
 0.58909E-04
 0.41334E-04
 0.28872E-04
 0.79325E-04
 0.11525E-03
 0.11672E-03
 0.12497E-03
 0.18986E-03
 0.26401E-03
 0.31634E-03
 0.38521E-03
 0.51383E-03
 0.67708E-03
 0.85289E-03
 0.10802E-02
 0.14020E-02
 0.18120E-02
 0.23128E-02
 0.29611E-02
 0.38154E-02
 0.49055E-02
 0.62866E-02
 0.80686E-02
 0.10372E-01
 0.13320E-01
 0.17092E-01
 0.21945E-01
 0.28185E-01
 0.36182E-01
 0.46433E-01
 0.59587E-01
 0.76443E-01
 0.97996E-01
 0.12550E+00
 0.16048E+00
 0.20470E+00
 0.26000E+00
 0.32805E+00
 0.40955E+00
 0.50293E+00
 0.60247E+00
 0.69657E+00
 0.76830E+00
 0.80038E+00
 0.78376E+00
 0.72314E+00
 0.63394E+00
 0.53388E+00
 0.43639E+00
 0.34881E+00
 0.27367E+00
 0.21076E+00
 0.15886E+00
 0.11712E+00
 0.86728E-01
 0.73142E-01
 0.82384E-01
 0.11136E+00
 0.15578E+00
 0.21738E+00
 0.30263E+00
 0.42060E+00
 0.57959E+00
 0.77859E+00
 0.99107E+00
 0.11513E+01
 0.11812E+01
 0.10626E+01
 0.85818E+00
 0.64505E+00
 0.46520E+00
 0.32813E+00
 0.22869E+00
 0.15827E+00
 0.10899E+00
 0.74735E-01
 0.51034E-01
 0.34712E-01
 0.23520E-01
 0.15883E-01
 0.10713E-01
 0.72278E-02
 0.48884E-02
 0.33336E-02
 0.22997E-02
 0.16025E-02
 0.11352E-02
 0.81706E-03
 0.58745E-03
 0.42529E-03
 0.31158E-03
 0.22281E-03
 0.15649E-03
 0.11325E-03
 0.78929E-04
 0.50644E-04
 0.35341E-04
 0.24853E-04
 0.12692E-04
 0.65584E-05
 0.60336E-05
 0.27257E-05
 0.22954E-05
 0.17832E-05
 0.19378E-05
 0.28424E-05
 0.26396E-05
 0.17020E-05
 0.20868E-05
 0.30555E-05
 0.21709E-05
 0.19312E-05
 0.26719E-05
 0.23638E-05
 0.25743E-05
 0.21498E-05
 0.28658E-05
 0.25207E-05
 0.26832E-05
 0.27219E-05
 0.28317E-05
 0.28849E-05
 0.29619E-05
 0.29821E-05
 0.31328E-05
 0.31629E-05
 0.33002E-05
 0.32326E-05
 0.35085E-05
 0.33644E-05
 0.36419E-05
 0.35624E-05
 0.37059E-05
 0.37339E-05
 0.38672E-05
 0.38649E-05
 0.39863E-05
 0.40658E-05
 0.40735E-05
 0.42995E-05
 0.42339E-05
 0.44960E-05
 0.45073E-05
 0.47406E-05
 0.47852E-05
 0.51343E-05
 0.51738E-05
 0.55799E-05
 0.57165E-05
 0.60815E-05
 0.64580E-05
 0.67793E-05
 0.72406E-05
 0.76490E-05
 0.82059E-05
 0.86901E-05
 0.93809E-05
 0.98251E-05
 0.10710E-04
 0.11269E-04
 0.12176E-04
 0.12934E-04
 0.13831E-04
 0.14800E-04
 0.15826E-04
 0.16888E-04
 0.18036E-04
 0.19293E-04
 0.20484E-04
 0.22018E-04
 0.23261E-04
 0.24916E-04
 0.26356E-04
 0.28026E-04
 0.29687E-04
 0.31411E-04
 0.33077E-04
 0.20263E-13
 
 0.84705E-05
 0.71229E-05
 0.63641E-05
 0.64472E-05
 0.74984E-05
 0.96378E-05
 0.11896E-04
 0.14384E-04
 0.16361E-04
 0.18211E-04
 0.19331E-04
 0.19954E-04
 0.20299E-04
 0.20412E-04
 0.20816E-04
 0.21660E-04
 0.23002E-04
 0.24681E-04
 0.26671E-04
 0.28348E-04
 0.29751E-04
 0.30376E-04
 0.30264E-04
 0.29392E-04
 0.27968E-04
 0.25757E-04
 0.23428E-04
 0.20805E-04
 0.18359E-04
 0.16012E-04
 0.13794E-04
 0.11670E-04
 0.98621E-05
 0.81022E-05
 0.66754E-05
 0.57084E-05
 0.51591E-05
 0.53407E-05
 0.52497E-05
 0.55191E-05
 0.54218E-05
 0.54229E-05
 0.51498E-05
 0.49434E-05
 0.47641E-05
 0.47316E-05
 0.45446E-05
 0.45193E-05
 0.45419E-05
 0.44470E-05
 0.43734E-05
 0.39777E-05
 0.41608E-05
 0.39973E-05
 0.39982E-05
 0.37862E-05
 0.37826E-05
 0.37161E-05
 0.33161E-05
 0.33277E-05
 0.37485E-05
 0.37782E-05
 0.29575E-05
 0.28071E-05
 0.37998E-05
 0.40424E-05
 0.22863E-05
 0.29195E-05
 0.50957E-05
 0.48031E-05
 0.87219E-06
 0.49769E-05
 0.93134E-05
 0.86576E-05
 0.61469E-05
 0.12853E-04
 0.19370E-04
 0.19981E-04
 0.22187E-04
 0.34307E-04
 0.45847E-04
 0.52698E-04
 0.66256E-04
 0.91659E-04
 0.11802E-03
 0.14506E-03
 0.18704E-03
 0.24682E-03
 0.31522E-03
 0.39842E-03
 0.51441E-03
 0.66673E-03
 0.85247E-03
 0.10890E-02
 0.14028E-02
 0.18061E-02
 0.23137E-02
 0.29667E-02
 0.38154E-02
 0.49022E-02
 0.62877E-02
 0.80712E-02
 0.10370E-01
 0.13316E-01
 0.17091E-01
 0.21943E-01
 0.28179E-01
 0.36174E-01
 0.46426E-01
 0.59582E-01
 0.76443E-01
 0.98006E-01
 0.12553E+00
 0.16054E+00
 0.20479E+00
 0.26014E+00
 0.32824E+00
 0.40977E+00
 0.50312E+00
 0.60253E+00
 0.69637E+00
 0.76773E+00
 0.79940E+00
 0.78252E+00
 0.72192E+00
 0.63313E+00
 0.53390E+00
 0.43778E+00
 0.35223E+00
 0.27992E+00
 0.22070E+00
 0.17314E+00
 0.13540E+00
 0.10566E+00
 0.82325E-01
 0.64116E-01
 0.50005E-01
 0.39188E-01
 0.31077E-01
 0.25264E-01
 0.21416E-01
 0.19213E-01
 0.18386E-01
 0.18867E-01
 0.20952E-01
 0.25422E-01
 0.33520E-01
 0.46807E-01
 0.67280E-01
 0.97812E-01
 0.14254E+00
 0.20726E+00
 0.29976E+00
 0.42922E+00
 0.60279E+00
 0.81582E+00
 0.10335E+01
 0.11801E+01
 0.11793E+01
 0.10316E+01
 0.81381E+00
 0.60125E+00
 0.42837E+00
 0.29960E+00
 0.20764E+00
 0.14329E+00
 0.98697E-01
 0.67908E-01
 0.46710E-01
 0.32140E-01
 0.22099E-01
 0.15189E-01
 0.10459E-01
 0.71905E-02
 0.49268E-02
 0.33969E-02
 0.23420E-02
 0.15882E-02
 0.10947E-02
 0.76958E-03
 0.50919E-03
 0.34237E-03
 0.26094E-03
 0.16995E-03
 0.94810E-04
 0.93749E-04
 0.70934E-04
 0.16101E-04
 0.37058E-04
 0.44322E-04
 0.22465E-04
 0.25505E-04
 0.36079E-04
 0.31732E-04
 0.30324E-04
 0.34853E-04
 0.35925E-04
 0.35659E-04
 0.37108E-04
 0.38551E-04
 0.39706E-04
 0.39879E-04
 0.41294E-04
 0.42389E-04
 0.42564E-04
 0.43665E-04
 0.44545E-04
 0.44631E-04
 0.45627E-04
 0.46315E-04
 0.46174E-04
 0.47487E-04
 0.47504E-04
 0.47808E-04
 0.48723E-04
 0.48711E-04
 0.49117E-04
 0.49750E-04
 0.49632E-04
 0.50039E-04
 0.50341E-04
 0.49831E-04
 0.50345E-04
 0.49610E-04
 0.49123E-04
 0.48790E-04
 0.47507E-04
 0.46621E-04
 0.45471E-04
 0.43748E-04
 0.42239E-04
 0.40612E-04
 0.38438E-04
 0.37069E-04
 0.35091E-04
 0.33607E-04
 0.32443E-04
 0.30989E-04
 0.30366E-04
 0.29447E-04
 0.28772E-04
 0.28231E-04
 0.27560E-04
 0.26635E-04
 0.25825E-04
 0.24529E-04
 0.23021E-04
 0.21571E-04
 0.19596E-04
 0.18137E-04
 0.16331E-04
 0.14991E-04
 0.13754E-04
 0.12312E-04
 0.11218E-04
 0.97734E-05
 0.20263E-13
 
 0.26816E-05
 0.33791E-05
 0.29304E-05
 0.35227E-05
 0.35669E-05
 0.34593E-05
 0.36618E-05
 0.33945E-05
 0.34783E-05
 0.36431E-05
 0.34593E-05
 0.38650E-05
 0.35468E-05
 0.39699E-05
 0.37115E-05
 0.38390E-05
 0.38920E-05
 0.37555E-05
 0.40734E-05
 0.38009E-05
 0.40708E-05
 0.40396E-05
 0.39770E-05
 0.40640E-05
 0.38961E-05
 0.41208E-05
 0.41219E-05
 0.41361E-05
 0.41439E-05
 0.40254E-05
 0.41479E-05
 0.39613E-05
 0.42946E-05
 0.40855E-05
 0.43321E-05
 0.39717E-05
 0.40707E-05
 0.41300E-05
 0.42584E-05
 0.42262E-05
 0.41429E-05
 0.40303E-05
 0.41514E-05
 0.41499E-05
 0.43020E-05
 0.42392E-05
 0.41854E-05
 0.39547E-05
 0.42565E-05
 0.42863E-05
 0.45193E-05
 0.40610E-05
 0.41614E-05
 0.42597E-05
 0.45026E-05
 0.43731E-05
 0.44613E-05
 0.43353E-05
 0.43649E-05
 0.43726E-05
 0.49380E-05
 0.49360E-05
 0.41535E-05
 0.42712E-05
 0.55691E-05
 0.56393E-05
 0.38911E-05
 0.43613E-05
 0.70562E-05
 0.65897E-05
 0.21347E-05
 0.63315E-05
 0.10908E-04
 0.90686E-05
 0.37387E-05
 0.13953E-04
 0.21133E-04
 0.19246E-04
 0.20133E-04
 0.35803E-04
 0.47957E-04
 0.51588E-04
 0.64798E-04
 0.94051E-04
 0.12046E-03
 0.14345E-03
 0.18581E-03
 0.24980E-03
 0.31725E-03
 0.39587E-03
 0.51348E-03
 0.67031E-03
 0.85348E-03
 0.10851E-02
 0.14023E-02
 0.18103E-02
 0.23133E-02
 0.29616E-02
 0.38160E-02
 0.49071E-02
 0.62854E-02
 0.80650E-02
 0.10373E-01
 0.13322E-01
 0.17086E-01
 0.21936E-01
 0.28185E-01
 0.36181E-01
 0.46419E-01
 0.59575E-01
 0.76451E-01
 0.98012E-01
 0.12552E+00
 0.16053E+00
 0.20481E+00
 0.26015E+00
 0.32822E+00
 0.40976E+00
 0.50314E+00
 0.60254E+00
 0.69636E+00
 0.76772E+00
 0.79942E+00
 0.78251E+00
 0.72189E+00
 0.63312E+00
 0.53392E+00
 0.43777E+00
 0.35221E+00
 0.27996E+00
 0.22080E+00
 0.17325E+00
 0.13554E+00
 0.10589E+00
 0.82633E-01
 0.64386E-01
 0.50149E-01
 0.39105E-01
 0.30494E-01
 0.23726E-01
 0.18457E-01
 0.14422E-01
 0.11301E-01
 0.88225E-02
 0.68828E-02
 0.54336E-02
 0.43271E-02
 0.33829E-02
 0.25522E-02
 0.18858E-02
 0.13547E-02
 0.10703E-02
 0.16792E-02
 0.29848E-02
 0.47713E-02
 0.73482E-02
 0.11089E-01
 0.16333E-01
 0.23807E-01
 0.34734E-01
 0.50604E-01
 0.73503E-01
 0.10675E+00
 0.15501E+00
 0.22447E+00
 0.32330E+00
 0.46085E+00
 0.64306E+00
 0.86075E+00
 0.10709E+01
 0.11926E+01
 0.11594E+01
 0.99074E+00
 0.76937E+00
 0.56340E+00
 0.39956E+00
 0.27877E+00
 0.19299E+00
 0.13314E+00
 0.91643E-01
 0.62993E-01
 0.43321E-01
 0.29816E-01
 0.20479E-01
 0.14041E-01
 0.96676E-02
 0.66747E-02
 0.45701E-02
 0.31137E-02
 0.21569E-02
 0.15074E-02
 0.10218E-02
 0.67745E-03
 0.47955E-03
 0.35373E-03
 0.22996E-03
 0.13424E-03
 0.10930E-03
 0.92370E-04
 0.50976E-04
 0.21722E-04
 0.27335E-04
 0.21221E-04
 0.11951E-04
 0.11309E-04
 0.70392E-05
 0.13193E-04
 0.22125E-04
 0.25261E-04
 0.26943E-04
 0.30354E-04
 0.33357E-04
 0.33282E-04
 0.32364E-04
 0.32087E-04
 0.30108E-04
 0.27423E-04
 0.25432E-04
 0.23613E-04
 0.21663E-04
 0.21318E-04
 0.21114E-04
 0.20722E-04
 0.21178E-04
 0.20354E-04
 0.19166E-04
 0.17744E-04
 0.15230E-04
 0.12045E-04
 0.91937E-05
 0.60941E-05
 0.28508E-05
 0.20884E-05
 0.39861E-05
 0.54027E-05
 0.58276E-05
 0.64393E-05
 0.62250E-05
 0.52984E-05
 0.49165E-05
 0.43306E-05
 0.36067E-05
 0.41335E-05
 0.34849E-05
 0.37644E-05
 0.34135E-05
 0.28247E-05
 0.30133E-05
 0.26214E-05
 0.31051E-05
 0.33940E-05
 0.34100E-05
 0.39249E-05
 0.34633E-05
 0.33146E-05
 0.33313E-05
 0.20263E-13
 
 0.47432E-05
 0.48489E-05
 0.51910E-05
 0.47115E-05
 0.54066E-05
 0.52915E-05
 0.51934E-05
 0.56744E-05
 0.52272E-05
 0.56359E-05
 0.58863E-05
 0.57529E-05
 0.60531E-05
 0.60723E-05
 0.59112E-05
 0.65424E-05
 0.62885E-05
 0.67086E-05
 0.68289E-05
 0.65599E-05
 0.71116E-05
 0.69787E-05
 0.74562E-05
 0.76560E-05
 0.74184E-05
 0.78223E-05
 0.79597E-05
 0.81958E-05
 0.88270E-05
 0.83600E-05
 0.90608E-05
 0.90297E-05
 0.94140E-05
 0.10146E-04
 0.99070E-05
 0.10579E-04
 0.10571E-04
 0.11174E-04
 0.11932E-04
 0.12075E-04
 0.12524E-04
 0.12863E-04
 0.13455E-04
 0.14440E-04
 0.14516E-04
 0.15345E-04
 0.15518E-04
 0.16470E-04
 0.17222E-04
 0.17662E-04
 0.18521E-04
 0.18667E-04
 0.19728E-04
 0.20517E-04
 0.21131E-04
 0.21658E-04
 0.22097E-04
 0.23134E-04
 0.24024E-04
 0.24122E-04
 0.24972E-04
 0.25676E-04
 0.26540E-04
 0.26397E-04
 0.27342E-04
 0.28811E-04
 0.28593E-04
 0.27604E-04
 0.28981E-04
 0.32557E-04
 0.31281E-04
 0.26309E-04
 0.29421E-04
 0.38207E-04
 0.36790E-04
 0.21979E-04
 0.26607E-04
 0.49878E-04
 0.53014E-04
 0.25338E-04
 0.27166E-04
 0.78186E-04
 0.10013E-03
 0.81910E-04
 0.83790E-04
 0.15872E-03
 0.22447E-03
 0.24655E-03
 0.27743E-03
 0.39479E-03
 0.55114E-03
 0.68113E-03
 0.81905E-03
 0.10665E-02
 0.14304E-02
 0.18364E-02
 0.22943E-02
 0.29296E-02
 0.38240E-02
 0.49417E-02
 0.62906E-02
 0.80307E-02
 0.10354E-01
 0.13352E-01
 0.17118E-01
 0.21915E-01
 0.28143E-01
 0.36191E-01
 0.46467E-01
 0.59579E-01
 0.76402E-01
 0.97995E-01
 0.12556E+00
 0.16056E+00
 0.20477E+00
 0.26011E+00
 0.32825E+00
 0.40980E+00
 0.50313E+00
 0.60250E+00
 0.69636E+00
 0.76774E+00
 0.79942E+00
 0.78250E+00
 0.72188E+00
 0.63311E+00
 0.53392E+00
 0.43779E+00
 0.35221E+00
 0.27993E+00
 0.22078E+00
 0.17329E+00
 0.13557E+00
 0.10586E+00
 0.82586E-01
 0.64415E-01
 0.50214E-01
 0.39099E-01
 0.30430E-01
 0.23714E-01
 0.18502E-01
 0.14409E-01
 0.11195E-01
 0.87130E-02
 0.68046E-02
 0.53055E-02
 0.41229E-02
 0.32140E-02
 0.25106E-02
 0.19411E-02
 0.14966E-02
 0.11819E-02
 0.93467E-03
 0.69090E-03
 0.47898E-03
 0.35862E-03
 0.29025E-03
 0.23079E-03
 0.22457E-03
 0.27997E-03
 0.43413E-03
 0.67520E-03
 0.94740E-03
 0.13178E-02
 0.19066E-02
 0.27551E-02
 0.39651E-02
 0.57520E-02
 0.83629E-02
 0.12148E-01
 0.17670E-01
 0.25715E-01
 0.37409E-01
 0.54416E-01
 0.79127E-01
 0.11499E+00
 0.16690E+00
 0.24153E+00
 0.34743E+00
 0.49370E+00
 0.68450E+00
 0.90558E+00
 0.11053E+01
 0.11992E+01
 0.11342E+01
 0.94793E+00
 0.72554E+00
 0.52695E+00
 0.37213E+00
 0.25914E+00
 0.17922E+00
 0.12353E+00
 0.85027E-01
 0.58481E-01
 0.40201E-01
 0.27633E-01
 0.18997E-01
 0.13054E-01
 0.89712E-02
 0.61707E-02
 0.42384E-02
 0.29093E-02
 0.20048E-02
 0.13777E-02
 0.94253E-03
 0.65165E-03
 0.44922E-03
 0.30338E-03
 0.21152E-03
 0.14948E-03
 0.97375E-04
 0.66966E-04
 0.50849E-04
 0.31521E-04
 0.20257E-04
 0.19523E-04
 0.11474E-04
 0.38560E-05
 0.87529E-05
 0.65305E-05
 0.13782E-05
 0.47796E-05
 0.47673E-05
 0.31382E-05
 0.45104E-05
 0.43854E-05
 0.38672E-05
 0.43477E-05
 0.38685E-05
 0.39517E-05
 0.41703E-05
 0.39796E-05
 0.41500E-05
 0.43379E-05
 0.38645E-05
 0.41958E-05
 0.42613E-05
 0.37964E-05
 0.43926E-05
 0.41218E-05
 0.40868E-05
 0.44043E-05
 0.41328E-05
 0.41381E-05
 0.44553E-05
 0.41467E-05
 0.42706E-05
 0.46154E-05
 0.41146E-05
 0.47144E-05
 0.44964E-05
 0.43235E-05
 0.47810E-05
 0.45293E-05
 0.47021E-05
 0.49855E-05
 0.20263E-13
 
 0.25302E-04
 0.25936E-04
 0.25915E-04
 0.26359E-04
 0.26856E-04
 0.26540E-04
 0.27341E-04
 0.27555E-04
 0.27538E-04
 0.27854E-04
 0.27895E-04
 0.27751E-04
 0.28371E-04
 0.28556E-04
 0.28382E-04
 0.28631E-04
 0.28716E-04
 0.28442E-04
 0.29295E-04
 0.29352E-04
 0.29411E-04
 0.30041E-04
 0.30186E-04
 0.30590E-04
 0.31593E-04
 0.32316E-04
 0.32793E-04
 0.33859E-04
 0.34404E-04
 0.35015E-04
 0.36540E-04
 0.37277E-04
 0.37858E-04
 0.38984E-04
 0.39279E-04
 0.40186E-04
 0.41078E-04
 0.41413E-04
 0.41452E-04
 0.41779E-04
 0.41365E-04
 0.41206E-04
 0.41126E-04
 0.40068E-04
 0.39308E-04
 0.38514E-04
 0.37152E-04
 0.36704E-04
 0.35769E-04
 0.34626E-04
 0.33935E-04
 0.33184E-04
 0.32684E-04
 0.32802E-04
 0.32789E-04
 0.32497E-04
 0.33056E-04
 0.33163E-04
 0.33237E-04
 0.34210E-04
 0.34197E-04
 0.33815E-04
 0.33190E-04
 0.31649E-04
 0.31558E-04
 0.31341E-04
 0.29082E-04
 0.25602E-04
 0.23945E-04
 0.25448E-04
 0.27952E-04
 0.27027E-04
 0.21579E-04
 0.21539E-04
 0.33464E-04
 0.43001E-04
 0.38871E-04
 0.17891E-04
 0.30733E-04
 0.64518E-04
 0.74752E-04
 0.49904E-04
 0.37986E-04
 0.98828E-04
 0.14368E-03
 0.15327E-03
 0.17018E-03
 0.23941E-03
 0.32291E-03
 0.40084E-03
 0.51161E-03
 0.67334E-03
 0.85682E-03
 0.10734E-02
 0.13902E-02
 0.18246E-02
 0.23373E-02
 0.29524E-02
 0.37825E-02
 0.49054E-02
 0.63225E-02
 0.80808E-02
 0.10341E-01
 0.13297E-01
 0.17107E-01
 0.21965E-01
 0.28176E-01
 0.36159E-01
 0.46422E-01
 0.59588E-01
 0.76450E-01
 0.98009E-01
 0.12553E+00
 0.16053E+00
 0.20479E+00
 0.26015E+00
 0.32824E+00
 0.40977E+00
 0.50313E+00
 0.60254E+00
 0.69637E+00
 0.76772E+00
 0.79940E+00
 0.78252E+00
 0.72190E+00
 0.63310E+00
 0.53389E+00
 0.43779E+00
 0.35224E+00
 0.27995E+00
 0.22077E+00
 0.17326E+00
 0.13557E+00
 0.10589E+00
 0.82609E-01
 0.64392E-01
 0.50178E-01
 0.39105E-01
 0.30468E-01
 0.23724E-01
 0.18473E-01
 0.14393E-01
 0.11210E-01
 0.87260E-02
 0.67990E-02
 0.53014E-02
 0.41244E-02
 0.32042E-02
 0.24993E-02
 0.19539E-02
 0.15185E-02
 0.11769E-02
 0.92073E-03
 0.72085E-03
 0.55538E-03
 0.42871E-03
 0.34044E-03
 0.26797E-03
 0.20160E-03
 0.15408E-03
 0.12659E-03
 0.10067E-03
 0.74415E-04
 0.62627E-04
 0.64042E-04
 0.60908E-04
 0.54881E-04
 0.66653E-04
 0.87182E-04
 0.10433E-03
 0.14615E-03
 0.21619E-03
 0.30324E-03
 0.44077E-03
 0.65375E-03
 0.94627E-03
 0.13726E-02
 0.20097E-02
 0.29228E-02
 0.42455E-02
 0.61870E-02
 0.90040E-02
 0.13090E-01
 0.19051E-01
 0.27724E-01
 0.40321E-01
 0.58650E-01
 0.85287E-01
 0.12391E+00
 0.17975E+00
 0.25990E+00
 0.37320E+00
 0.52837E+00
 0.72729E+00
 0.94968E+00
 0.11353E+01
 0.11991E+01
 0.11040E+01
 0.90378E+00
 0.68280E+00
 0.49235E+00
 0.34643E+00
 0.24081E+00
 0.16640E+00
 0.11465E+00
 0.78896E-01
 0.54262E-01
 0.37294E-01
 0.25636E-01
 0.17629E-01
 0.12109E-01
 0.83190E-02
 0.57280E-02
 0.39329E-02
 0.26950E-02
 0.18625E-02
 0.12802E-02
 0.86902E-03
 0.60517E-03
 0.42123E-03
 0.27674E-03
 0.19444E-03
 0.14372E-03
 0.86904E-04
 0.58604E-04
 0.53555E-04
 0.29486E-04
 0.12650E-04
 0.24189E-04
 0.16703E-04
 0.58149E-05
 0.15160E-04
 0.15157E-04
 0.11687E-04
 0.13937E-04
 0.15252E-04
 0.14665E-04
 0.14934E-04
 0.16165E-04
 0.16772E-04
 0.16629E-04
 0.17663E-04
 0.18209E-04
 0.18455E-04
 0.19120E-04
 0.20140E-04
 0.20144E-04
 0.20858E-04
 0.21614E-04
 0.21625E-04
 0.22410E-04
 0.23296E-04
 0.23300E-04
 0.23976E-04
 0.24438E-04
 0.24615E-04
 0.20263E-13
 
